279 46.790001
1037 37.279999
295 34.880001
72 30.820000
577 31.200001
108 28.030001
53 27.350000
1284 26.059999
207 26.910000
20 24.680000
244 23.070000
11 21.850000
1733 21.620001
186 22.730000
450 20.100000
346 19.790001
1243 19.719999
103 19.980000
101 19.420000
1088 19.809999
12.612000s
0 0 0
1 279 43
2 1037 77
3 295 113
4 72 141
5 577 174
6 108 202
7 53 230
8 1284 253
9 207 275
10 20 299
11 244 319
12 11 342
13 1733 366
14 186 388
15 450 410
16 346 430
17 1243 451
18 103 475
19 101 500
20 1088 519
