1677 1735.550049
363 1331.069946
1867 1005.340027
8499 787.820007
2776 695.820007
4971 578.700012
8491 464.820007
4125 412.119995
2743 310.369995
1016 337.149994
2660 281.940002
8918 271.209991
1937 257.510010
4960 239.580002
40 242.300003
4953 233.270004
12680 235.070007
4131 222.679993
1530 203.899994
763 204.970001
484.240000s
0 0 0
1 1677 1698
2 363 3046
3 1867 4118
4 8499 4951
5 2776 5622
6 4971 6203
7 8491 6649
8 4125 7041
9 2743 7375
10 1016 7674
11 2660 7974
12 8918 8248
13 1937 8500
14 4960 8747
15 40 8974
16 4953 9201
17 12680 9418
18 4131 9652
19 1530 9845
20 763 10035
