1677 1717.049561
363 1332.083618
1867 1078.026245
8499 819.196472
2776 680.880188
4971 573.638123
8491 448.789612
4125 394.756104
1016 337.011688
2743 314.320007
2660 280.083313
8918 272.067413
1937 256.298798
4960 241.680206
4131 231.847000
12680 228.005905
4953 226.645401
40 217.343994
763 194.719696
1530 192.029800
803511.930000s
0 0 0
1 1677 1703
2 363 3046
3 1867 4126
4 8499 4949
5 2776 5632
6 4971 6196
7 8491 6637
8 4125 7043
9 1016 7385
10 2743 7696
11 2660 7982
12 8918 8251
13 1937 8489
14 4960 8745
15 4131 8981
16 12680 9203
17 4953 9429
18 40 9657
19 763 9842
20 1530 10029
