101 43.529900
295 37.098099
1037 34.829899
577 32.076801
108 30.172199
279 30.186100
53 26.086700
186 25.750799
103 25.141199
1733 24.666300
1284 23.933901
11 22.328501
20 22.133200
450 21.825600
365 21.434299
346 21.098000
1243 20.509701
244 19.973801
369 20.027500
207 18.983801
5062.480000s
0 0 0
1 101 44
2 295 80
3 1037 114
4 577 147
5 108 179
6 279 209
7 53 235
8 186 259
9 103 284
10 1733 309
11 1284 333
12 11 355
13 20 376
14 450 398
15 365 420
16 346 438
17 1243 461
18 244 480
19 369 502
20 207 519
