101 43.209999
577 35.700001
1037 32.849998
108 28.780001
53 28.379999
186 25.600000
279 25.770000
295 28.379999
77 24.610001
20 25.150000
369 25.059999
1032 22.200001
1243 20.870001
450 20.660000
1733 20.330000
346 20.080000
1088 19.719999
1284 19.760000
396 19.059999
11 18.129999
5.277000s
0 0 0
1 101 44
2 577 78
3 1037 111
4 108 143
5 53 168
6 186 195
7 279 229
8 295 260
9 77 279
10 20 301
11 369 322
12 1032 341
13 1243 362
14 450 385
15 1733 408
16 346 431
17 1088 448
18 1284 472
19 396 492
20 11 513
