131 70.250000
100 58.730000
639 54.840000
624 42.400002
287 39.230000
66 39.590000
1292 36.310001
606 36.540001
124 37.150002
412 35.240002
15 32.790001
80 30.469999
562 30.020000
608 32.389999
192 28.590000
236 28.320000
1162 28.260000
4824 28.469999
3683 30.250000
60 26.370001
22.101000s
0 0 0
1 131 63
2 100 112
3 639 168
4 624 206
5 287 249
6 66 287
7 1292 319
8 606 360
9 124 399
10 412 433
11 15 464
12 80 498
13 562 524
14 608 562
15 192 589
16 236 615
17 1162 645
18 4824 673
19 3683 706
20 60 726
