639 4550.441895
8450 356.434998
682 96.279999
2462 77.995003
9994 68.692001
2879 57.143002
4854 43.265999
2331 39.681000
3462 36.092999
6638 31.718000
6271 28.608000
2133 27.023001
10234 24.318001
1327 23.591999
3344 23.052000
9272 22.966000
862 23.639000
1115 22.702999
8195 22.474001
3128 21.419001
45539.400000s
0 0 0
1 639 4561
2 8450 4892
3 682 4997
4 2462 5064
5 9994 5137
6 2879 5199
7 4854 5236
8 2331 5276
9 3462 5317
10 6638 5353
11 6271 5368
12 2133 5408
13 10234 5426
14 1327 5459
15 3344 5490
16 9272 5494
17 862 5522
18 1115 5546
19 8195 5566
20 3128 5588
