1115 19.000000
639 18.000000
2389 17.000000
2133 17.000000
11079 16.000000
1327 16.000000
1159 16.000000
6174 15.000000
8778 15.000000
7254 14.000000
3985 14.000000
688 14.000000
37 13.000000
1320 13.000000
20 13.000000
839 13.000000
2038 12.000000
4083 12.000000
1520 12.000000
3647 12.000000
846.300000s
0 0 0
1 1115 19
2 639 37
3 2389 54
4 2133 71
5 11079 87
6 1327 103
7 1159 119
8 6174 134
9 8778 149
10 7254 163
11 3985 177
12 688 191
13 37 204
14 1320 217
15 20 230
16 839 243
17 2038 255
18 4083 267
19 1520 279
20 3647 291
