131 62.209301
639 57.587601
100 49.870701
287 46.886101
124 44.092400
267 37.930599
274 36.922901
608 35.393002
66 35.999500
1292 34.514301
412 34.227299
606 34.202000
80 33.069599
3683 31.366400
236 29.649000
15 29.182400
1162 28.231600
4824 27.657600
76 27.183901
359 26.951300
30554.040000s
0 0 0
1 131 62
2 639 119
3 100 169
4 287 217
5 124 259
6 267 298
7 274 335
8 608 371
9 66 407
10 1292 439
11 412 477
12 606 510
13 80 539
14 3683 575
15 236 605
16 15 633
17 1162 659
18 4824 687
19 76 714
20 359 743
