639 4563.100098
6072 380.790009
682 91.139999
2462 76.160004
9994 66.760002
2879 58.889999
6836 38.630001
8195 37.110001
1827 36.000000
2331 26.530001
3344 25.950001
1327 25.450001
1115 25.020000
1617 24.559999
2133 24.309999
6271 24.250000
3128 23.540001
9264 23.270000
3696 21.080000
6174 20.850000
4292.890000s
0 0 0
1 639 4552
2 6072 4901
3 682 4997
4 2462 5074
5 9994 5138
6 2879 5199
7 6836 5236
8 8195 5270
9 1827 5306
10 2331 5335
11 3344 5364
12 1327 5386
13 1115 5409
14 1617 5431
15 2133 5463
16 6271 5488
17 3128 5509
18 9264 5537
19 3696 5556
20 6174 5580
