4840 98.171997
1568 73.081200
5120 68.635002
5192 66.950897
1723 67.561897
2356 60.817600
12081 60.006901
3460 57.498199
4115 57.230301
10653 56.868698
5567 57.137100
6342 55.323002
15758 54.648701
809 54.244801
23571 52.169201
7132 49.374901
14866 48.980598
5551 47.993000
3673 45.038101
3566 45.251900
179616.760000s
0 0 0
1 4840 97
2 1568 172
3 5120 238
4 5192 305
5 1723 372
6 2356 432
7 12081 491
8 3460 551
9 4115 610
10 10653 666
11 5567 722
12 6342 778
13 15758 834
14 809 886
15 23571 936
16 7132 989
17 14866 1033
18 5551 1083
19 3673 1129
20 3566 1169
