4840 93.449997
1568 73.070000
5120 73.589996
3460 70.529999
5192 68.300003
2356 63.240002
5567 58.549999
1723 57.770000
10653 55.459999
6342 54.349998
4109 57.360001
4115 62.500000
23571 52.290001
25580 53.689999
969 50.689999
7132 54.549999
809 47.200001
12081 50.560001
3566 46.259998
12650 44.470001
90.010000s
0 0 0
1 4840 97
2 1568 171
3 5120 238
4 3460 298
5 5192 366
6 2356 423
7 5567 482
8 1723 546
9 10653 606
10 6342 665
11 4109 711
12 4115 767
13 23571 817
14 25580 861
15 969 915
16 7132 964
17 809 1017
18 12081 1073
19 3566 1118
20 12650 1156
